1 2 3 4 5 6 7 8 9 10 11 12 B 14 15 16 17 18 19 20 21 22 23 24 25 B 27 28 29 30 31 32 33 34 35 36 37 38 B 40 41 42 F 44 45 46 47 48 49 50 51 B 53 54 55 56 57
1 2 3 4 5 6 7 8 9 10 11 12 13 14 15 16 17 18 19 20 21 22 23 24
1 2 3 4 5 6 7 8 9
1 2 3 4 5 6 7 8 9 10
1 2 3 4 5 6 7 8 9 10 11 12 13 14 15 16
1 2 3 4 5 6 7 8 9 10 11 12 13 14 15 16 17 18 19 20 21 B 23 24 25 26 27 28 29 30 31
1 2 3 F 5 6 7 F 9 10 11 F 13 14 15 F 17 18 19 F 21 22 23 F 25 26 27 F 29 30 31 F 33 34 35 F
1 2 3 4 5 6 7 8 9 10 11 12 13 14 15 16 17 18 19 20 21 22 23 24 25 26 27 28 29 B 31 32 33 34 35 36 F 38 39 40 41 42 43 44 45
1 2 3 4 5 6 7 8 9 10 11 12 13 14 15 16 17 18 19 20 21 22 23 24 25 26 F 28 29 30 31 32 33 34 35 36 37 38 39 40 B 42 43 44 45 46 47 48 49 50 51 52 53 F 55 56 57 58 59 60
1 B F B 5 FB 7 B F B 11 FB 13 B F B 17 FB 19 B F B 23 FB 25 B F B 29 FB 31 B F B 35 FB 37 B F B 41 FB 43 B F B 47 FB 49 B F B
1 2 3 4 5 6 7 8 9 10 11 12 13 14 15 16 17 18 19 20 21 22 B F 25 26 27 28 29 30 31 32 33 34 35 36 37 38 39 40 41 42 43 44 45 B 47 F 49 50 51 52 53 54 55 56 57 58 59 60 61
1 2 3
1 2 3 4 5 6 7
1 2 3 4 5 6 7 8 9 10 11 12 13 14 15 16 17 18 19 20 21 22 23 24 25 26 27 28 B 30 31 32 33 34 35 36 37 38 39 40 41 42 43 F 45 46 47 48 49 50 51 52 53 54
1 2 3 4 5 6 7 8 9 10 11 12 13 F 15 16 17 18 19 20 21
1 2 3 4 F 6 7 8 9 F 11 12 13 14 F
1 2 3 4 5 6 7 8 9 10 11 12 13 14 F 16 17 18 19 20 21 22 23 24 25 26 27 28 29 F 31 32 33 34 35 36 37 38 39 40 41 42 43 44 F 46 47 48
1 2 3 4 5 6 7 8 9 10 11 12 13 14 B 16 17 18 19 20 21 22 23 24 25 26 27 28 29 B 31 32 33 F
1 2 3 4 5 6 7 8 9 10 11 12 13 14 15 16 17 18 19 20 21 22 23 24 25 26 27 28 29 30 31 32 33 34 35
1 2 3 4 5 F 7 8 9 10 11 F 13 14 15 16 17 F 19 20 21 22 23 F 25 26 27 28 29 F 31 32 33 34 35 F 37 38 39 40 41 F 43 44 45 46 47 F 49 50 51 52 53