1 2 3 4 5 6 7 8 9 10 11 F 13 14 15 16 17 18 19 20 21 22 23 F 25 26 27 B 29 30 31 32 33 34 35 F 37 38 39 40 41 42 43 44 45 46 47 F 49 50 51 52 53 54 
1 2 3 4 5 6 7 8 9 10 11 12 13 14 15 16 17 18 19 20 21 22 23 24 25 26 27 28 29 30 31 32 33 
1 2 3 4 5 6 7 8 9 10 11 12 13 14 B 16 17 18 19 20 21 22 23 24 25 26 27 28 29 B 31 32 33 34 35 36 37 38 39 40 41 42 43 44 B 46 47 48 49 50 51 52 53 54 55 56 57 58 59 B F 62 63 
1 2 3 4 5 6 B 8 9 10 11 12 13 B 15 16 17 18 19 20 B 22 23 24 25 26 27 B 29 30 31 32 33 34 B 36 37 38 F 40 
1 2 3 4 5 6 7 8 9 10 11 12 13 14 F 16 17 18 19 20 21 22 23 24 25 26 27 28 29 F 31 32 33 34 35 36 37 38 39 40 41 42 43 44 F 46 47 48 49 B 51 52 53 54 
1 2 3 4 5 6 7 8 9 10 11 12 B 14 15 16 17 18 19 20 
1 2 3 4 5 6 7 8 9 10 11 12 13 14 15 16 17 18 19 20 F 22 23 24 25 26 27 28 29 30 
1 2 3 4 5 6 7 8 9 10 11 12 13 14 15 16 17 18 19 20 21 22 
1 2 3 4 5 6 7 8 9 10 11 12 13 14 15 16 17 18 19 20 21 22 23 24 25 26 27 28 B 
1 2 3 F 5 6 7 F 9 10 11 F 13 14 15 F 17 
1 2 
1 2 F 4 5 F 7 8 F 10 11 F 13 14 F 16 17 F 19 20 F 22 23 F 25 26 F B 29 F 31 32 F 34 35 F 37 38 F 40 41 F 43 44 F 46 47 F 49 50 F 52 53 F 
1 2 3 B 5 6 7 B F 10 11 B 13 14 15 B 17 F 19 B 21 22 23 
1 2 3 4 5 6 7 8 9 10 11 12 13 14 15 16 17 18 19 B 21 F 23 24 25 
1 F 3 
1 2 3 4 5 6 7 8 9 10 11 12 13 14 15 16 17 18 19 F 21 22 23 24 25 26 27 28 29 30 31 32 33 34 35 36 37 38 39 F 41 42 43 44 45 B 47 48 49 50 51 52 53 54 55 56 57 
1 2 3 4 5 6 7 8 9 10 11 12 13 14 15 16 F 18 19 20 21 22 23 24 25 26 27 28 29 30 31 32 33 F 35 B 37 38 39 40 41 42 43 44 45 
1 2 3 4 5 6 7 8 9 10 11 12 13 14 15 16 17 18 19 20 
1 2 B 4 
F F F F F F F F F F F F F F F F F F F F F F F F F F F FB F F F F F F F F F F F F F F F F F F F 
